defect cooperate tit_for_tat coin_flip biased_random susp_tit_for_tat grudger waffler 
  5   15   20   10   10   20   10   20  
  5   15   21   10   10   18   11   20  
  5   15   22   10   10   16   12   20  
  4   16   23    9   11   14   14   19  
  3   17   24    8   12   12   16   18  
  2   17   26    7   13   10   18   17  
  0   18   27    6   14    9   19   16  
  0   19   28    6   14    8   20   15  
  0   19   29    5   15    7   21   14  
  0   19   30    4   16    6   22   13  
  0   19   31    3   17    5   23   12  
  0   19   32    2   18    4   24   11  
  0   19   33    0   19    3   25   10  
  0   19   34    0   20    2   26    9  
  0   19   34    0   21    0   27    8  
